from pathlib import Path
fname = Path(r'D:\Dropbox\12-Office-Sync-MTS\32_POWERFUL_60G\POWERFUL_60G_V4\60g\BrdCSV_TestPlan\0xA021_qca_deg_1.csv')
infile = open(csv_file).read()

## 每行拆分
open(csv_file).readlines()

輸出
['Channel,Sector#,Azimuth,Elevation,0,1,2,3,4,5,6,7,8,9,10,11,12,13,14,15,16,17,18,19,20,21,22,23,24,25,26,27,28,29,30,31\n', '1,24,-45,0,0,180,0,90,180,0,0,180,0,0,90,0,90,270,270,90,0,90,180,180,180,270,0,90,270,270,0,270,0,90,270,0\n', '1,27,-22,0,180,270,180,270,270,180,270,270,0,270,0,270,90,90,0,90,90,180,270,270,0,90,180,270,270,270,0,180,270,0,180,0\n', '1,28,-15,0,180,270,180,0,270,180,270,270,270,0,0,180,0,0,270,90,180,180,270,270,90,180,180,180,180,180,270,90,180,270,90,0\n', '1,32,15,0,270,270,270,180,270,270,180,270,0,0,270,270,180,0,180,0,270,180,270,0,270,0,270,180,0,90,270,270,180,90,180,270\n', '1,33,22,0,270,180,270,180,180,180,90,180,270,270,180,0,0,270,0,180,180,90,180,270,270,0,180,90,180,0,90,90,0,270,0,180\n', '1,36,45,0,0,270,0,0,270,0,0,270,180,180,180,270,270,90,90,270,0,180,270,90,90,180,0,180,90,270,90,90,270,270,270,180\n', '2,24,-45,0,270,0,270,0,90,270,270,90,270,270,270,0,0,90,180,0,270,0,90,0,90,180,270,0,180,90,270,90,270,0,270,0\n', '2,27,-22,0,180,270,180,270,270,180,270,270,270,270,90,270,90,90,270,90,90,180,270,270,0,90,90,270,270,180,270,180,270,0,180,0\n', '2,28,-15,0,0,0,0,180,90,0,90,90,90,0,180,0,180,180,90,270,0,0,90,90,270,0,0,0,0,0,90,270,0,90,270,270\n', '2,32,15,0,0,270,0,270,270,270,180,270,0,270,270,270,180,0,180,0,270,180,270,90,270,0,270,270,0,90,180,270,270,90,180,270\n', '2,33,22,0,0,270,0,270,270,0,270,270,0,0,270,180,180,0,180,0,0,270,0,90,90,90,270,270,0,90,180,270,180,90,90,270\n', '2,36,45,0,90,270,90,90,270,0,0,270,270,180,270,0,0,180,0,270,0,180,270,180,180,270,0,270,180,0,90,90,270,270,270,180\n', '3,24,-45,0,90,180,90,90,180,0,0,180,90,0,90,90,180,270,0,180,0,90,180,180,270,0,0,180,0,270,0,270,90,90,0,90\n', '3,27,-22,0,0,0,0,180,90,0,90,90,180,90,270,180,270,0,90,270,0,0,90,90,270,0,270,0,0,0,180,0,90,180,90,270\n', '3,28,-15,0,90,90,90,270,180,90,180,180,270,90,270,90,270,270,180,0,90,0,90,270,0,90,0,90,90,90,180,0,90,180,90,270\n', '3,32,15,0,90,0,90,0,0,0,270,0,180,90,0,0,270,180,270,90,90,270,0,180,90,180,0,0,90,270,270,0,0,270,0,0\n', '3,33,22,0,0,270,0,270,270,0,270,270,0,270,270,180,90,270,90,0,0,180,270,90,0,90,0,180,270,0,180,180,180,0,90,270\n', '3,36,45,0,90,180,90,90,270,0,0,270,270,180,180,0,0,180,90,270,0,180,270,180,270,270,0,270,180,0,90,0,0,270,270,180\n', '4,24,-45,0,180,270,180,270,270,90,180,0,180,90,180,270,270,0,0,270,180,180,0,270,0,0,90,270,90,0,90,0,270,180,180,270\n', '4,27,-22,0,180,90,90,270,180,90,180,180,270,180,270,270,0,90,180,90,90,90,180,270,0,0,0,180,180,180,270,90,270,0,180,0\n', '4,28,-15,0,90,90,90,270,90,0,270,180,180,90,270,90,270,0,90,0,90,0,90,180,0,90,0,90,90,90,180,0,90,180,0,270\n', '4,32,15,0,0,270,0,270,270,270,180,270,90,0,270,270,180,90,180,0,0,180,270,0,270,90,270,270,0,90,180,270,270,90,180,270\n', '4,33,22,0,0,180,0,0,270,0,270,270,0,270,270,180,90,0,90,0,0,180,270,90,0,90,270,270,270,90,180,180,180,0,90,270\n', '4,36,45,0,270,0,270,270,0,180,180,90,0,270,0,90,90,270,180,0,270,0,0,0,0,0,180,0,270,90,270,180,90,0,0,0\n']
>>>
