path: D:\Dropbox\12-Office-TryTryLu\Learning_02_Python\241211b_csv_60g_sector2\

## filename: PSO_CH1_241126.csv
Channel,Sector#,Azimuth,Elevation,0,1,2,3,4,5,6,7,8,9,10,11,12,13,14,15,16,17,18,19,20,21,22,23,24,25,26,27,28,29,30,31
1,1,-32,-20,90,270,90,0,270,0,270,0,0,0,0,180,90,270,180,0,180,90,270,90,0,90,270,90,90,0,180,90,0,0,0,0
1,2,-24,-20,0,270,0,270,270,0,180,270,0,0,270,180,90,0,180,0,180,90,180,0,0,0,270,90,180,0,180,180,90,0,0,180
1,3,-16,-20,0,270,0,270,270,270,180,0,0,0,0,270,180,0,180,0,180,180,270,0,0,0,270,180,270,90,180,270,180,90,180,180
1,4,-8,-20,180,180,180,90,180,180,0,180,0,0,270,270,90,0,90,0,0,0,180,270,180,180,90,90,270,0,90,180,180,0,180,180
1,5,0,-20,270,180,180,0,90,90,270,270,90,0,270,0,90,0,90,0,180,270,0,90,0,0,0,180,0,270,0,90,90,0,90,270

## filename: PSO_CH2_241126.csv
Channel,Sector#,Azimuth,Elevation,0,1,2,3,4,5,6,7,8,9,10,11,12,13,14,15,16,17,18,19,20,21,22,23,24,25,26,27,28,29,30,31
2,1,8,-20,180,180,180,0,180,90,270,180,90,90,0,90,270,180,180,0,90,90,180,270,90,90,0,90,0,90,180,270,0,180,0,270
2,2,16,-20,90,90,90,270,180,0,180,180,180,90,0,90,270,270,180,0,270,0,90,180,270,0,0,0,270,0,810,0,0,180,0,180
2,3,24,-20,270,0,180,270,270,180,270,0,0,270,90,270,90,90,0,180,0,90,270,270,0,0,90,90,90,180,0,90,180,0,180,270
2,4,32,-20,180,270,180,0,270,90,180,0,0,0,90,0,90,180,0,180,0,90,270,180,270,0,90,90,180,180,0,90,270,0,270,270
2,5,40,-20,180,270,180,270,270,90,180,0,90,0,180,90,180,180,0,180,270,90,180,180,270,270,0,0,180,180,0,180,270,0,0,0

## filename: PSO_CH3_241126.csv
Channel,Sector#,Azimuth,Elevation,0,1,2,3,4,5,6,7,8,9,10,11,12,13,14,15,16,17,18,19,20,21,22,23,24,25,26,27,28,29,30,31
3,1,48,-10,270,0,270,0,0,180,0,90,270,180,0,270,0,90,180,0,90,270,0,270,0,0,180,270,0,0,180,0,180,270,180,180
3,2,40,-10,0,90,0,90,180,0,0,180,0,270,0,270,0,90,180,90,270,0,90,90,180,180,0,0,90,90,270,90,180,0,180,270
3,3,32,-10,90,180,90,180,180,0,90,180,0,270,0,0,0,90,270,90,0,90,180,180,270,270,0,0,90,180,270,90,180,0,180,270
3,4,24,-10,0,0,0,90,0,0,0,90,90,0,180,90,180,180,90,270,180,270,0,0,180,180,270,270,0,0,90,270,0,90,0,90
3,5,16,-10,270,270,270,90,0,270,0,0,0,270,90,270,90,90,0,180,180,0,0,0,180,180,180,270,180,270,0,180,270,0,180,90

## filename: PSO_CH4_241126.csv
Channel,Sector#,Azimuth,Elevation,0,1,2,3,4,5,6,7,8,9,10,11,12,13,14,15,16,17,18,19,20,21,22,23,24,25,26,27,28,29,30,31
4,1,-32,-10,0,180,0,270,180,0,180,270,0,180,180,0,0,180,0,270,180,90,180,0,0,0,270,90,90,270,90,0,270,270,270,90
4,2,-40,-10,0,270,0,0,270,270,270,270,270,180,180,0,0,180,0,270,270,90,180,90,0,90,270,90,0,0,90,0,270,270,270,90
4,3,-48,-10,0,180,0,270,180,270,270,270,180,180,180,0,270,90,0,180,180,0,180,0,0,0,270,0,0,270,0,0,180,180,180,0
4,4,48,0,180,0,180,180,0,180,90,0,0,270,0,90,90,270,180,0,90,270,0,270,270,0,90,0,270,180,270,180,0,0,0,0
4,5,40,0,0,270,0,0,0,0,0,0,270,180,270,0,0,180,90,270,0,180,270,180,90,180,0,180,180,0,180,90,0,0,270,180


## CODE
from pathlib import Path
import csv

fname = '1205_CH1_Sector.csv'
exampleFile = open(Path(r'D:\Dropbox\12-Office-TryTryLu\Learning_02_Python\241211a_csv_60g_sector', fname))

exampleReader = csv.reader(exampleFile)
exampleData = list(exampleReader)
exampleData[1][1]
